[[[  -1]
  [ -74]
  [-127]
  [ -50]
  [ -50]]

 [[  20]
  [ -62]
  [ -84]
  [ -41]
  [ -23]]

 [[  11]
  [ -50]
  [ -54]
  [ -36]
  [   5]]

 [[  18]
  [ -10]
  [ -32]
  [  18]
  [  56]]

 [[  59]
  [  58]
  [  67]
  [  68]
  [  84]]]
[[[-86]
  [-34]
  [-52]
  [-22]
  [-15]]

 [[ -4]
  [ 54]
  [ 63]
  [ 69]
  [ 31]]

 [[ 11]
  [ 84]
  [127]
  [ 59]
  [ 46]]

 [[ -2]
  [ 38]
  [ 60]
  [ 48]
  [  1]]

 [[-23]
  [ -2]
  [-29]
  [-24]
  [-64]]]
[[[-116]
  [ -87]
  [-104]
  [-104]
  [ -84]]

 [[ -44]
  [  15]
  [  13]
  [  20]
  [   6]]

 [[  36]
  [  74]
  [  66]
  [  84]
  [  45]]

 [[  79]
  [ 127]
  [ 120]
  [ 105]
  [  74]]

 [[  55]
  [  98]
  [  45]
  [  22]
  [  17]]]
[[[-61]
  [-44]
  [-34]
  [-13]
  [-26]]

 [[  2]
  [ 30]
  [ 44]
  [ 78]
  [ 40]]

 [[ 26]
  [ 92]
  [127]
  [ 43]
  [ 28]]

 [[ 21]
  [ 59]
  [ 39]
  [ 30]
  [ -1]]

 [[ -5]
  [ 33]
  [  8]
  [-22]
  [-52]]]
[[[ -81]
  [ -84]
  [ -99]
  [ -66]
  [ -38]]

 [[ -61]
  [-127]
  [ -85]
  [ -51]
  [   5]]

 [[ -40]
  [ -74]
  [ -35]
  [ -23]
  [  22]]

 [[  -8]
  [ -47]
  [ -15]
  [  15]
  [  66]]

 [[  20]
  [  45]
  [  63]
  [  88]
  [ 100]]]
[[[ -33]
  [   3]
  [  60]
  [  59]
  [  54]]

 [[ -12]
  [  70]
  [ 127]
  [  72]
  [  56]]

 [[ -16]
  [  55]
  [  74]
  [  47]
  [  15]]

 [[ -21]
  [  27]
  [  39]
  [   7]
  [ -20]]

 [[ -85]
  [ -59]
  [ -79]
  [ -75]
  [-105]]]
