[[  96  -61  -40]
 [ -10 -127   38]
 [ -41   77   58]]
[[-77 -18  24]
 [ 52 -57 -63]
 [-91  47  81]]
[[  37  -26 -115]
 [-125   -1  -80]
 [  85   59  -27]]
[[ 85  51  58]
 [ 44 -85 -78]
 [ 66 -75 -23]]
[[  92  -65   68]
 [  94  -80   24]
 [ -27 -127  -35]]
[[-13 -31  59]
 [-11  -1  -5]
 [ 66 -85  71]]
[[ 29 -58 -64]
 [-30  29 -10]
 [127  31   7]]
[[ 46 -15  80]
 [-81  68 -44]
 [ 80  56  55]]
[[-123 -110  -76]
 [ -82  -49  -73]
 [  55  -55   94]]
[[ 92  -2 -19]
 [127  67 -75]
 [  3 111  58]]
[[-14 -81  25]
 [-56 -89 -48]
 [-28  56 -21]]
[[101 -15 -76]
 [ 55  45  35]
 [-71 -49 -34]]
[[118 111 112]
 [-89 -67 123]
 [-70 -56  72]]
[[-68 -63 -52]
 [-76 120 121]
 [ 72 -38 -92]]
[[ -67   28   73]
 [  98   17  105]
 [ 113  -70 -127]]
[[  9 -28  23]
 [ 33 -61 -81]
 [-13  42 -40]]
[[106 -38  56]
 [-65 -17 -98]
 [-70 -93 -36]]
[[127   0  10]
 [127 -22 -29]
 [ 52  46  26]]
[[ 82 -22  47]
 [-18 -66 -21]
 [-72 -62  15]]
[[ -49  -57    7]
 [ -34  -19  -42]
 [ -66 -127  -90]]
[[  44 -109  -91]
 [  31   21  -22]
 [ -29  -12   50]]
[[  -9 -127   43]
 [-122  -58  -32]
 [ -59  -84  127]]
[[-40  16  49]
 [-65 -87 122]
 [ 24 118 125]]
[[ 109   32   88]
 [ 114   -4  -47]
 [ -69 -110  117]]
[[  19   70   43]
 [ 127 -102   22]
 [ -67  107    5]]
[[  22   95 -127]
 [  92  -71   63]
 [ -95  -88 -114]]
[[ -61   94   20]
 [  25  110 -111]
 [  28 -121   66]]
[[ 76  32   3]
 [-46 -61 -53]
 [-60 -23 -86]]
[[ 12  59 127]
 [ 34 -27   4]
 [-16 -73 -27]]
[[ 89 126 123]
 [ -1 -54 -31]
 [-84  17 -59]]
[[ -34   25 -127]
 [ -53  -75   57]
 [  15   55  -72]]
[[-27  98  53]
 [ -4 -14 -16]
 [ 81  50  81]]
[[-53 104  29]
 [ 71  38 -23]
 [ 70 -33 113]]
[[-59 114  20]
 [ 17  61 -60]
 [-36  17  83]]
[[ -36   89  -80]
 [  27  113  -15]
 [-109  -14   47]]
[[ -18   63   68]
 [  69  -98  -86]
 [  17   89 -127]]
[[  -9  -74  -89]
 [ -18  -29  -96]
 [  44  -11 -113]]
[[ 59  96 -30]
 [-91 -20 -91]
 [  5 -50 -60]]
[[ 48   9  67]
 [ 20 108 127]
 [ 59 106   3]]
[[ -5 -78  83]
 [111  44 -20]
 [ 89  99  13]]
[[ -12  -57 -127]
 [  23  -37  118]
 [  36  -35   43]]
[[-126   -3  -27]
 [  53  -37  112]
 [ -45   45  -71]]
[[127  -3  62]
 [-45 -12  52]
 [ 52  95 -38]]
[[ 46 -61  66]
 [ 95  72 -38]
 [-92 -43 -84]]
[[ -76  -27  -48]
 [-115   -2  -99]
 [  13  -17   -9]]
[[-122   -2  -56]
 [  -1   84 -100]
 [ 109   32   90]]
[[ 31 -19 -63]
 [-45 113 127]
 [ 91  82  -9]]
[[ 50 -71  96]
 [-79 -79 -25]
 [-92 119  68]]
[[111  79 -68]
 [-47  18 -33]
 [110 -99  83]]
[[-42   3  52]
 [ 80 -40  28]
 [-89 123 -30]]
[[  -8  -72    6]
 [   6  127   72]
 [-105   54   52]]
[[ 53 127 -68]
 [ 64   5  24]
 [113 -67  57]]
[[  41   37  -39]
 [ -56   67 -107]
 [ -97    0 -108]]
[[ -50  -39 -110]
 [ -19   88   38]
 [ -59  -66  -58]]
[[-50  75 -38]
 [-62 127 -85]
 [  2 112 -55]]
[[  9  73 -31]
 [ 19  42 -50]
 [-28  94 -42]]
[[-106   75    7]
 [ -61   19    3]
 [ -89   35   -1]]
[[ -89  -50   -5]
 [ -45 -113   49]
 [  50   31 -103]]
[[-90  59  76]
 [ 79   1 -39]
 [109  56  -4]]
[[  92 -116  -10]
 [ -58  -52    1]
 [  77  -74 -127]]
[[ -93  119   44]
 [ -19  122  111]
 [  40 -127   87]]
[[ -78   62  -53]
 [  56  100  -31]
 [  67   54 -102]]
[[-89 124 -59]
 [-74 -44 -98]
 [ 92  61  71]]
[[ -1 -61  73]
 [-71 -32 114]
 [-35  53 -33]]
[[  82   -6   67]
 [  54   15   17]
 [ 117  -97 -115]]
[[ -36   49   89]
 [ -63    5   18]
 [  75   16 -127]]
[[ 42  47 -67]
 [-67  97 -73]
 [ 41 117 -88]]
[[  7  67 -91]
 [ 12  47 -74]
 [-75 127  20]]
[[   5   21  -74]
 [  37  -29  -15]
 [ -29   58 -102]]
[[-121  -57  -13]
 [ 127  -17  117]
 [  43  115  -30]]
[[-122   90  -65]
 [ 112   68  -55]
 [   3  -43  107]]
[[-79 106  29]
 [-60  82  24]
 [ -8 108 -82]]
[[ 41  20 127]
 [ 67  96  17]
 [ 78   4 -40]]
[[ 62 110  78]
 [  1 -36  34]
 [ -2  77 -87]]
[[ -86  -95   24]
 [-118 -101 -108]
 [ -26  -94  -84]]
[[-17  45 118]
 [111  65  67]
 [-19   3 -53]]
[[ 37  38  43]
 [-21  88  16]
 [ -6 -79 -65]]
[[  34   17    8]
 [ -74   25  -60]
 [ -98  -97 -127]]
[[-13  13 -55]
 [-27 -46  31]
 [-32  46  91]]
[[-16  72  84]
 [ 97 -53 -18]
 [ 58  -5 -57]]
[[  97  -15   -2]
 [  98  -12  -15]
 [ -54 -127 -115]]
[[-112   97  -65]
 [  21  127  -12]
 [  13    7 -123]]
[[ -74   48  -58]
 [  -3 -112   22]
 [-104  -29   90]]
[[ -58   -7 -110]
 [  68  -45  -26]
 [-118  -19  -68]]
[[ 86 107  76]
 [ 54 -45  18]
 [-64 -48 -37]]
[[-24 117  54]
 [-26 -53 -11]
 [-70 -85 -21]]
[[ -9 127  70]
 [-14 -85 -87]
 [ 40 -88 -32]]
[[ -53    7  -13]
 [-102    8 -107]
 [  73  -77   -2]]
[[-92 -46  88]
 [ -9  36  11]
 [  8 -58 110]]
[[ 108 -127  -82]
 [  90  -20  -92]
 [  80  -11   47]]
[[ 46  47  72]
 [ 22 -35  11]
 [-98   4 -75]]
[[ -56   91    8]
 [-107  -27    9]
 [ -22  -50   -4]]
[[   3   54   -2]
 [ -68  -76   49]
 [-127   34   61]]
[[ 29  29 -89]
 [-68 -21 101]
 [ 56 110  20]]
[[  2  30 -58]
 [-18 120 -74]
 [  7 -18 -30]]
[[  63  127  106]
 [ 106   24   -1]
 [  60 -100   40]]
[[ 47 -21 -23]
 [ 69 -70  -5]
 [ 70  71  88]]
[[ -67 -127  -68]
 [  -7   -8   16]
 [ 122  123  -33]]
[[-118  -40  -33]
 [  33  -53 -112]
 [  35   12   98]]
[[  -8  -65  -30]
 [ -98   57   29]
 [ -19 -117   18]]
[[-79 -75  96]
 [127  35 -57]
 [-79 -93 -84]]
[[  50  -91   60]
 [  63   -6  100]
 [  55 -127   19]]
[[ -79 -120  -66]
 [  59  -10   53]
 [  81  -24  -64]]
[[-115 -127   47]
 [  56   95   50]
 [  48   19    0]]
[[-104   36 -122]
 [  -3   89  -43]
 [  62   96   69]]
[[-127  -53   20]
 [-117   33  114]
 [  48  -47   15]]
[[ -8  -5  10]
 [ 88  93 -14]
 [ 27  76 -34]]
[[-87 -11 116]
 [ 51 -93 111]
 [-81  54  37]]
[[ 90  38   6]
 [ 66 -32  -2]
 [-56 -60 127]]
[[ 69 -51 -36]
 [-87  85 -42]
 [-97 -68  50]]
[[  69  -14  -79]
 [  81 -114  -67]
 [   9 -104    7]]
[[ 77 -77 -25]
 [ -9  26 -26]
 [-16  91 127]]
[[-66  -2 -76]
 [ 13  40 -87]
 [ 61  11  70]]
[[-27  -2 -59]
 [-34  20 -16]
 [-51 -58  71]]
[[-127   48   51]
 [  27  -72  114]
 [  39  -37  -95]]
[[ -50 -104  -50]
 [ -29   86  -27]
 [ -36  -30   -1]]
[[ 85 -31  51]
 [-99  29 -76]
 [-12  25 -38]]
[[109  29  52]
 [105 119 -36]
 [ 36 -78 127]]
[[-36  -3  -5]
 [-81  74 -78]
 [ -1 -91 -13]]
[[  -5  -55  -59]
 [  63  -65  -38]
 [-127  -82    0]]
[[  30  122   48]
 [  15  -17   92]
 [-115  -76  -54]]
[[ 56  54  41]
 [-60  66  57]
 [-62 -47 -30]]
[[ 103  -25   43]
 [  33   16  -56]
 [  -4 -110 -127]]
[[ 91  50  33]
 [ 76 -37  63]
 [127  -6  77]]
[[  5 -50  23]
 [  4 -61  58]
 [ 64  36  55]]
[[-95 -65 -83]
 [-82 -84 -40]
 [-86 -67  -9]]
[[  18  -71 -104]
 [  -4   80  -98]
 [ -97  -40   35]]
[[ 56 -74 -88]
 [122  -1  84]
 [ 13 127 -34]]
[[ -5 100  27]
 [126 -64  74]
 [ 82  53  18]]
[[ 103  108 -101]
 [-127   96   51]
 [  14    1  -30]]
[[-25  51  20]
 [ -7  68   0]
 [ 48 -57 115]]
[[  4  88  64]
 [-98 -60 109]
 [ 24 -11 -89]]
[[ 16  36  47]
 [-28 -89  41]
 [ 22  47 -54]]
[[ 111 -106   51]
 [  76   59  -32]
 [  12   96   14]]
[[  42   74   11]
 [ -13   -4   30]
 [ -28   22 -127]]
[[ -58   65  122]
 [ 116  -73 -127]
 [ -66    2  -38]]
[[  83  -12  -79]
 [  86   31  -69]
 [-123  -40  -44]]
[[-20  46 -59]
 [-31 -99 -53]
 [-15  -3 -42]]
[[ -21  -22   37]
 [ -38 -127 -119]
 [-102    8  -51]]
[[ -37  -25 -107]
 [ -13   58   48]
 [ -73  -70  -11]]
[[109  -9  44]
 [ 16  86  71]
 [-29 114  76]]
[[ 22 -12  77]
 [127  10  -5]
 [-46 -95  50]]
[[  24   57  -28]
 [  99  -72   94]
 [ -36 -106   95]]
[[ -48 -109  -69]
 [   3  -61  109]
 [ -42   41   79]]
[[  25   83  100]
 [  93   20    0]
 [-108  114  -49]]
[[-65 -13  96]
 [-99  97 127]
 [-25 -22  36]]
[[ -11 -101 -103]
 [  17   83    3]
 [ -63   24  -40]]
[[ -86  -65  -82]
 [  17 -127  -77]
 [ -32   29  -78]]
[[-85  40  84]
 [-64  13  22]
 [ 81  61 -63]]
[[ 69  27  64]
 [110  83  59]
 [-67  64  41]]
[[  9  38  55]
 [-54 -90 -36]
 [ 30 127   3]]
[[-60 -65 -69]
 [-10 -95 -12]
 [ 72  96  79]]
[[  7 -38 -98]
 [-85 -85 -27]
 [ 92 103 106]]
[[  21  -42 -116]
 [  24  -67  115]
 [  99   10   80]]
[[-39  19 104]
 [ 23  76  27]
 [-23   0   8]]
[[ -43   97   45]
 [-119  118  -10]
 [-127   73  -34]]
[[ -98   24 -102]
 [ 108   33  127]
 [  94  -82  -12]]
[[ 58  49  25]
 [ 58 -15 -79]
 [  1 102  34]]
[[-66 -35 -23]
 [ 63  63  91]
 [ 34  35 -24]]
[[-74 -83 -58]
 [-83 -80 -63]
 [-15  64 -63]]
[[-122  -45  -73]
 [ -66   36   16]
 [ 109   54  -53]]
[[120  51  45]
 [127 -30 -16]
 [-29  60  29]]
[[ -26  111  -50]
 [ -43  -33  -64]
 [ -21 -127   -5]]
[[  91  -21   78]
 [  65  119  -39]
 [-105   37  -16]]
[[  89   59  -48]
 [ 121  100   -7]
 [  -1 -110  -31]]
[[ -32  -60 -127]
 [  57   90   43]
 [ -46   -7   66]]
[[-62 -56  -8]
 [ 35 -11  21]
 [ 89  81 104]]
[[-118  -45  -48]
 [  11  -14  -50]
 [  40   37    3]]
[[ -65  104   92]
 [ -61   -1  -43]
 [ -40 -127 -119]]
[[-100   39   31]
 [ -87 -125   83]
 [ 111 -101  -66]]
[[  -4 -100   38]
 [   1   58   35]
 [ 103   78   38]]
[[-34   6 103]
 [ 83  14  91]
 [-78  52  95]]
[[ 28  29  12]
 [-32  74 -58]
 [ 58  66  15]]
[[  34 -127 -118]
 [ -19 -117  -77]
 [ -37   27  -99]]
[[110  33  10]
 [ 77  41  59]
 [ 71  54  16]]
[[ 123  -76   79]
 [  36 -125   18]
 [  46   76    5]]
[[ 34 120 127]
 [114 -95 -70]
 [ -6 106 -60]]
[[  3  73  93]
 [-77  24 -71]
 [ 42  40 -34]]
[[ 90  31 -34]
 [-79  30  21]
 [-69  52  13]]
[[ -26   -4    5]
 [-127  -14   30]
 [ -92  -68  -48]]
[[ -93  -13 -113]
 [ -20  -27   -6]
 [  63  127   97]]
[[  30 -101   70]
 [  58  -90 -108]
 [  44  -84   90]]
[[ -16 -101  -76]
 [  26   68   77]
 [ -19  -32  -28]]
[[-127   73  108]
 [ -90   35   24]
 [ -50   59   54]]
[[   5  -25   36]
 [  -1  -96  -76]
 [ -34 -114  -52]]
[[ 44  63  49]
 [ 72 -18  43]
 [ 47   4  51]]
[[ 71  76 -91]
 [ 26  55  13]
 [-69 -20 112]]
[[  80 -115   79]
 [  42   16   81]
 [  81  -57   25]]
[[  90 -127 -114]
 [ -79  -80  -83]
 [  89   36  105]]
[[ -88 -111   20]
 [  73  -56   -2]
 [  51   51   45]]
[[-49 -49 -69]
 [ 59 -40  12]
 [ 32  17  84]]
[[ -22 -127  -94]
 [  24   16   59]
 [  73   81   -4]]
