[[-73]
 [-33]
 [ 25]
 [ 26]
 [ 45]]
[[-28]
 [ 62]
 [ 82]
 [118]
 [ 85]]
[[  3]
 [ 55]
 [127]
 [117]
 [ 76]]
[[-66]
 [ 56]
 [ 99]
 [ 39]
 [  0]]
[[-108]
 [ -33]
 [ -67]
 [ -96]
 [-109]]
[[-14]
 [-29]
 [-43]
 [-30]
 [ 21]]
[[ -83]
 [ -85]
 [-126]
 [ -54]
 [  -8]]
[[ -71]
 [-127]
 [ -55]
 [ -47]
 [   4]]
[[-58]
 [-76]
 [-39]
 [-14]
 [ 68]]
[[-10]
 [-25]
 [ 35]
 [ 78]
 [107]]
[[-64]
 [-45]
 [-46]
 [-14]
 [  8]]
[[-22]
 [ 25]
 [ 52]
 [ 82]
 [ 31]]
[[ 36]
 [ 68]
 [127]
 [ 49]
 [ 24]]
[[15]
 [69]
 [55]
 [27]
 [-7]]
[[ 24]
 [ 90]
 [ 42]
 [ -5]
 [-41]]
[[-8]
 [86]
 [78]
 [87]
 [55]]
[[ 68]
 [103]
 [102]
 [ 61]
 [ 49]]
[[ 43]
 [104]
 [ 60]
 [ 70]
 [ -9]]
[[ -5]
 [ 27]
 [  0]
 [ 23]
 [-55]]
[[ -81]
 [ -77]
 [ -79]
 [ -75]
 [-127]]
[[-34]
 [-27]
 [-74]
 [-74]
 [-48]]
[[ -35]
 [ -91]
 [-127]
 [ -63]
 [ -38]]
[[-28]
 [-79]
 [-72]
 [-36]
 [  8]]
[[  1]
 [-40]
 [-24]
 [-14]
 [ 58]]
[[  2]
 [  3]
 [ 43]
 [ 50]
 [115]]
[[-52]
 [-79]
 [-84]
 [-72]
 [-57]]
[[-22]
 [-21]
 [ -7]
 [  9]
 [-14]]
[[53]
 [41]
 [37]
 [37]
 [43]]
[[105]
 [127]
 [107]
 [ 92]
 [ 62]]
[[59]
 [73]
 [28]
 [51]
 [31]]
